3.1415945682340871
  2346703408279395
  7013834859023859
  4293453456734525
  4828949250857935
  3624758864592234
  4578385984390274
  5468345638354564
  4395869048567468
  3463795327306778
  3435675644324354
  3434345654678799
  2354321124568546
  5789298487674325
  3536765321123454
  4688045685022445
  5769843858684445
  4357679543356785
  3535421234490981
  3212345689866767
  2345468564456567
  4567655675434666
  3223413456886876
  4456588987654367
  4754585936893280
  3298995789485763
  7547719112344653
  5636567897653678
  2456634436778336
  1225002323475234
  5885940354904949
  8574903385856569
  3483701084755853
  3471957857001457
  1793556736657602
  3456774798078654
  3567778998893165